timer,roll,pitch,yaw,accel_x,accel_y,accel_z
 0.97929, 0.99381,-0.13306,-2.76404, 0.90574, 0.33948, 1.23044
 0.98037, 0.97418,-0.12872,-2.79219, 0.91558, 0.31815, 1.26841
 0.98145, 0.95466,-0.12477,-2.82021, 0.92548, 0.29712, 1.30491
 0.98254, 0.93525,-0.12122,-2.84813, 0.93540, 0.27639, 1.33979
 0.98362, 0.91596,-0.11804,-2.87595, 0.94376, 0.25982, 1.36486
 0.98470, 0.89906,-0.10354,-2.92240, 0.95212, 0.24372, 1.38798
 0.98993, 0.87820,-0.09962,-2.95278, 0.96292, 0.22456, 1.40860
 0.99101, 0.85732,-0.09603,-2.98332, 0.97402, 0.20520, 1.42713
 0.99210, 0.83638,-0.09273,-3.01405, 0.98531, 0.18570, 1.44351
 0.99319, 0.81539,-0.08972,-3.04495, 0.99682, 0.16595, 1.45775
 0.99428, 0.79433,-0.08700,-3.07600, 1.00848, 0.14588, 1.46974
 0.99537, 0.77319,-0.08458,-3.10719, 1.02027, 0.12544, 1.47948
 0.99646, 0.75197,-0.08246,-3.13849, 1.03222, 0.10459, 1.48703
 0.99755, 0.73067,-0.08066, 3.11330, 1.04436, 0.08334, 1.49240
 0.99863, 0.70928,-0.07920, 3.08184, 1.05665, 0.06161, 1.49547
 0.99972, 0.68889,-0.06713, 3.02807, 1.06772, 0.04257, 1.49169
 1.00493, 0.66432,-0.06512, 2.99389, 1.08202, 0.01779, 1.47868
 1.00602, 0.63977,-0.06381, 2.95995, 1.09680,-0.00749, 1.46338
 1.00711, 0.61529,-0.06322, 2.92629, 1.11188,-0.03297, 1.44628
 1.00820, 0.59097,-0.06336, 2.89294, 1.12721,-0.05861, 1.42754
 1.00929, 0.56682,-0.06422, 2.85990, 1.14275,-0.08428, 1.40734
 1.01037, 0.54291,-0.06582, 2.82719, 1.15849,-0.10986, 1.38571
 1.01146, 0.51928,-0.06815, 2.79481, 1.17431,-0.13522, 1.36267
 1.01255, 0.49595,-0.07118, 2.76275, 1.19031,-0.16030, 1.33847
 1.01363, 0.47297,-0.07490, 2.73113, 1.20653,-0.18503, 1.31325
 1.01472, 0.45032,-0.07927, 2.70010, 1.22290,-0.20955, 1.28721
 1.01581, 0.42798,-0.08424, 2.66974, 1.23708,-0.23092, 1.26144
 1.01691, 0.41104,-0.08945, 2.62535, 1.25121,-0.25226, 1.23563
 1.02211, 0.38914,-0.09578, 2.59624, 1.26696,-0.27517, 1.20873
 1.02320, 0.36785,-0.10270, 2.56781, 1.28261,-0.29748, 1.18232
 1.02428, 0.34722,-0.11015, 2.54006, 1.29809,-0.31909, 1.15658
 1.02537, 0.32727,-0.11811, 2.51298, 1.31345,-0.33989, 1.13178
 1.02646, 0.30800,-0.12654, 2.48659, 1.32866,-0.35976, 1.10810
 1.02754, 0.28944,-0.13539, 2.46090, 1.34366,-0.37871, 1.08560
 1.02863, 0.27163,-0.14462, 2.43588, 1.35850,-0.39671, 1.06450
 1.02971, 0.25460,-0.15419, 2.41158, 1.37322,-0.41369, 1.04509
 1.03079, 0.23832,-0.16405, 2.38801, 1.38479,-0.42425, 1.03468
 1.03187, 0.24007,-0.18254, 2.34206, 1.39599,-0.43386, 1.02681
 1.03714, 0.22648,-0.19282, 2.32106, 1.41104,-0.44460, 1.02861
 1.03823, 0.21362,-0.20327, 2.30066, 1.42648,-0.45474, 1.03339
 1.03931, 0.20147,-0.21384, 2.28086, 1.44218,-0.46420, 1.04070
 1.04040, 0.19003,-0.22450, 2.26165, 1.45815,-0.47304, 1.05066
 1.04149, 0.17925,-0.23523, 2.24299, 1.47437,-0.48139, 1.06323
 1.04258, 0.16911,-0.24599, 2.22484, 1.49074,-0.48932, 1.07825
 1.04367, 0.15958,-0.25678, 2.20716, 1.50726,-0.49685, 1.09563
 1.04476, 0.15062,-0.26757, 2.18994, 1.52401,-0.50376, 1.11521
 1.04585, 0.14222,-0.27835, 2.17315, 1.54101,-0.50972, 1.13679
 1.04696, 0.13435,-0.28909, 2.15679, 1.55819,-0.51447, 1.16034
 1.04804, 0.14632,-0.31077, 2.11795, 1.57397,-0.51649, 1.18698
 1.05325, 0.14044,-0.32116, 2.10255, 1.59435,-0.51556, 1.22244
 1.05434, 0.13503,-0.33150, 2.08734, 1.61561,-0.51349, 1.25965
 1.05543, 0.13008,-0.34178, 2.07231, 1.63767,-0.51033, 1.29806
 1.05652, 0.12558,-0.35197, 2.05745, 1.66059,-0.50614, 1.33755
 1.05761, 0.12154,-0.36207, 2.04274, 1.68446,-0.50085, 1.37820
 1.05870, 0.11795,-0.37209, 2.02813, 1.70927,-0.49435, 1.41990
 1.05979, 0.11482,-0.38203, 2.01353, 1.73510,-0.48661, 1.46241
 1.06087, 0.11215,-0.39191, 1.99884, 1.76198,-0.47742, 1.50544
 1.06196, 0.10993,-0.40175, 1.98394, 1.79005,-0.46639, 1.54871
 1.06305, 0.10815,-0.41155, 1.96872, 1.81536,-0.45152, 1.58453
 1.06414, 0.13154,-0.43239, 1.91955, 1.84149,-0.43456, 1.61934
 1.06935, 0.13185,-0.44241, 1.89915, 1.87631,-0.40216, 1.65522
 1.07044, 0.13260,-0.45242, 1.87796, 1.91215,-0.36629, 1.68962
 1.07152, 0.13375,-0.46240, 1.85585, 1.94859,-0.32753, 1.72239
 1.07261, 0.13526,-0.47236, 1.83266, 1.98556,-0.28586, 1.75353
 1.07370, 0.13709,-0.48229, 1.80827, 2.02299,-0.24138, 1.78296
 1.07478, 0.13920,-0.49219, 1.78261, 2.06088,-0.19416, 1.81073
 1.07587, 0.14158,-0.50204, 1.75558, 2.09930,-0.14420, 1.83703
 1.07696, 0.14417,-0.51186, 1.72707, 2.13835,-0.09149, 1.86205
 1.07804, 0.14693,-0.52167, 1.69700, 2.17813,-0.03615, 1.88569
 1.07914, 0.14982,-0.53149, 1.66527, 2.21449, 0.01943, 1.90060
 1.08023, 0.18477,-0.54849, 1.57768, 2.25147, 0.07707, 1.91374
 1.08544, 0.18722,-0.55857, 1.53457, 2.30172, 0.15180, 1.92902
 1.08652, 0.19014,-0.56864, 1.49060, 2.35438, 0.22987, 1.94441
 1.08761, 0.19358,-0.57867, 1.44592, 2.40893, 0.31060, 1.95980
 1.08870, 0.19759,-0.58862, 1.40066, 2.46531, 0.39373, 1.97532
 1.08979, 0.20222,-0.59848, 1.35490, 2.52338, 0.47901, 1.99101
 1.09087, 0.20751,-0.60819, 1.30873, 2.58305, 0.56615, 2.00692
 1.09196, 0.21349,-0.61776, 1.26222, 2.64413, 0.65477, 2.02326
 1.09304, 0.22018,-0.62713, 1.21550, 2.70645, 0.74450, 2.04008
 1.09413, 0.22761,-0.63629, 1.16863, 2.76994, 0.83501, 2.05742
 1.09522, 0.23578,-0.64519, 1.12172, 2.82682, 0.91258, 2.07345
 1.09630, 0.30477,-0.65135, 1.00418, 2.88482, 0.98891, 2.09061
 1.10151, 0.31548,-0.65818, 0.95896, 2.96082, 1.07035, 2.11430
 1.10260, 0.32682,-0.66459, 0.91486, 3.04060, 1.14949, 2.13976
 1.10368, 0.33873,-0.67057, 0.87193, 3.12383, 1.22577, 2.16702
 1.10477, 0.35114,-0.67611, 0.83021, 3.21080, 1.29902, 2.19618
 1.10586, 0.36400,-0.68123, 0.78972, 3.30189, 1.36905, 2.22735
 1.10695, 0.37723,-0.68592, 0.75048, 3.39746, 1.43571, 2.26063
 1.10804, 0.39080,-0.69021, 0.71245, 3.49780, 1.49898, 2.29632
 1.10913, 0.40465,-0.69412, 0.67561, 3.60311, 1.55889, 2.33462
 1.11021, 0.41875,-0.69766, 0.63994, 3.71354, 1.61535, 2.37574
 1.11130, 0.43305,-0.70083, 0.60541, 3.81676, 1.65319, 2.41634
 1.11239, 0.53480,-0.68219, 0.47927, 3.92374, 1.68596, 2.45857
 1.11760, 0.54823,-0.68356, 0.45221, 4.07217, 1.70563, 2.52036
 1.11868, 0.56168,-0.68470, 0.42641, 4.22695, 1.71839, 2.58561
 1.11977, 0.57511,-0.68565, 0.40189, 4.38619, 1.72414, 2.65370
 1.12086, 0.58850,-0.68641, 0.37864, 4.54965, 1.72251, 2.72483
 1.12194, 0.60182,-0.68702, 0.35665, 4.71722, 1.71316, 2.79912
 1.12303, 0.61504,-0.68750, 0.33589, 4.88873, 1.69577, 2.87683
 1.12412, 0.62816,-0.68785, 0.31637, 5.06402, 1.67012, 2.95824
 1.12520, 0.64114,-0.68810, 0.29804, 5.24292, 1.63596, 3.04363
 1.12629, 0.65386,-0.68838, 0.28103, 5.42529, 1.59322, 3.13323
 1.12738, 0.66626,-0.68874, 0.26535, 5.59458, 1.53582, 3.22184
 1.12847, 0.77019,-0.64686, 0.15844, 5.76504, 1.47092, 3.31449
 1.13366, 0.77911,-0.64854, 0.15108, 5.96609, 1.36624, 3.44141
 1.13475, 0.78776,-0.65028, 0.14440, 6.16959, 1.25354, 3.57465
 1.13584, 0.79613,-0.65207, 0.13832, 6.37374, 1.13486, 3.71254
 1.13693, 0.80420,-0.65387, 0.13291, 6.57807, 1.01083, 3.85464
 1.13801, 0.81195,-0.65565, 0.12828, 6.77996, 0.88195, 4.00063
 1.13910, 0.81936,-0.65740, 0.12439, 6.97543, 0.74869, 4.15028
 1.14018, 0.82643,-0.65912, 0.12120, 7.16395, 0.61144, 4.30326
 1.14127, 0.83315,-0.66079, 0.11865, 7.34527, 0.47066, 4.45921
 1.14235, 0.83951,-0.66240, 0.11672, 7.51920, 0.32679, 4.61773
 1.14344, 0.84551,-0.66396, 0.11537, 7.64854, 0.18871, 4.76062
 1.14453, 0.92564,-0.60679, 0.03799, 7.76839, 0.05064, 4.90350
 1.14974, 0.92832,-0.60939, 0.04086, 7.88070,-0.10263, 5.05967
 1.15083, 0.93066,-0.61193, 0.04396, 7.98575,-0.25561, 5.21330
 1.15191, 0.93267,-0.61439, 0.04726, 8.08369,-0.40695, 5.36297
 1.15300, 0.93435,-0.61677, 0.05073, 8.17474,-0.55599, 5.50811
 1.15409, 0.93570,-0.61907, 0.05435, 8.25908,-0.70212, 5.64817
 1.15518, 0.93671,-0.62128, 0.05809, 8.33689,-0.84474, 5.78264
 1.15626, 0.93738,-0.62341, 0.06192, 8.40832,-0.98331, 5.91092
 1.15735, 0.93772,-0.62545, 0.06583, 8.47348,-1.11736, 6.03250
 1.15844, 0.93771,-0.62740, 0.06979, 8.53244,-1.24661, 6.14694
 1.15953, 0.99204,-0.54421, 0.00441, 8.55615,-1.33812, 6.22369
 1.16479, 0.98852,-0.54738, 0.00891, 8.57236,-1.42845, 6.27325
 1.16588, 0.98463,-0.55037, 0.01311, 8.58246,-1.51359, 6.31184
 1.16698, 0.98045,-0.55321, 0.01696, 8.58650,-1.59355, 6.33968
 1.16807, 0.97597,-0.55591, 0.02064, 8.58670,-1.66842, 6.35570
 1.16916, 0.97125,-0.55848, 0.02416, 8.58671,-1.73936, 6.36177
 1.17025, 0.96636,-0.56099, 0.02740, 8.58671,-1.80634, 6.35843
 1.17133, 0.96131,-0.56350, 0.03043, 8.58671,-1.87001, 6.34317
 1.17242, 0.95613,-0.56596, 0.03327, 8.58671,-1.93192, 6.31638
 1.17351, 0.95086,-0.56833, 0.03589, 8.58671,-1.99088, 6.27910
 1.17459, 0.94548,-0.57067, 0.03837, 8.58671,-2.04614, 6.23176
 1.17568, 0.93999,-0.57302, 0.04077, 8.58671,-2.08346, 6.16236
 1.17678, 0.95673,-0.51501, 0.00481, 8.58671,-2.11928, 6.08685
 1.18201, 0.95041,-0.51925, 0.00698, 8.58671,-2.16385, 5.98456
 1.18310, 0.94406,-0.52351, 0.00902, 8.58671,-2.20810, 5.87626
 1.18419, 0.93770,-0.52779, 0.01091, 8.58671,-2.25161, 5.76347
 1.18527, 0.93131,-0.53212, 0.01267, 8.58671,-2.29456, 5.64636
 1.18636, 0.92492,-0.53648, 0.01431, 8.58671,-2.33759, 5.52568
 1.18745, 0.91854,-0.54089, 0.01579, 8.58671,-2.38085, 5.40188
 1.18854, 0.91218,-0.54535, 0.01713, 8.58671,-2.42415, 5.27509
 1.18962, 0.90587,-0.54985, 0.01831, 8.58671,-2.46745, 5.14572
 1.19071, 0.89961,-0.55437, 0.01933, 8.58671,-2.50536, 5.03120
 1.19179, 0.91616,-0.46726,-0.03574, 8.58671,-2.54347, 4.91682
 1.19702, 0.90908,-0.47431,-0.03486, 8.58671,-2.59292, 4.78919
 1.19810, 0.90202,-0.48132,-0.03417, 8.58671,-2.64520, 4.66434
 1.19919, 0.89502,-0.48829,-0.03364, 8.58671,-2.69880, 4.54069
 1.20028, 0.88807,-0.49519,-0.03322, 8.58671,-2.75379, 4.41800
 1.20137, 0.88120,-0.50202,-0.03290, 8.58671,-2.80958, 4.29987
 1.20246, 0.87445,-0.50877,-0.03270, 8.58671,-2.86441, 4.18659
 1.20355, 0.86784,-0.51546,-0.03262, 8.58671,-2.91901, 4.07686
 1.20464, 0.86137,-0.52207,-0.03261, 8.58671,-2.97423, 3.97071
 1.20573, 0.85504,-0.52860,-0.03267, 8.58671,-3.02900, 3.86822
 1.20682, 0.84887,-0.53504,-0.03278, 8.58671,-3.08170, 3.76914
 1.20791, 0.86567,-0.46684,-0.08331, 8.58671,-3.12294, 3.69552
 1.21313, 0.85971,-0.47471,-0.08252, 8.57711,-3.16195, 3.62780
 1.21422, 0.85385,-0.48241,-0.08160, 8.56234,-3.19869, 3.56540
 1.21531, 0.84811,-0.48996,-0.08056, 8.54247,-3.23295, 3.50824
 1.21640, 0.84247,-0.49735,-0.07935, 8.51713,-3.26434, 3.45590
 1.21749, 0.83694,-0.50459,-0.07801, 8.48674,-3.29345, 3.40869
 1.21857, 0.83154,-0.51164,-0.07656, 8.45090,-3.31988, 3.36620
 1.21966, 0.82624,-0.51847,-0.07498, 8.40955,-3.34277, 3.32844
 1.22075, 0.82103,-0.52507,-0.07325, 8.36283,-3.36210, 3.29591
 1.22184, 0.81590,-0.53144,-0.07136, 8.31094,-3.37813, 3.26892
 1.22292, 0.81087,-0.53760,-0.06927, 8.25415,-3.38051, 3.26136
 1.22401, 0.83463,-0.47182,-0.11652, 8.19291,-3.37889, 3.25847
 1.22924, 0.82941,-0.47876,-0.11272, 8.10963,-3.36142, 3.26536
 1.23032, 0.82411,-0.48538,-0.10883, 8.02099,-3.33589, 3.27630
 1.23141, 0.81873,-0.49179,-0.10483, 7.92826,-3.30354, 3.29007
 1.23250, 0.81326,-0.49804,-0.10069, 7.83221,-3.26608, 3.30574
 1.23358, 0.80771,-0.50413,-0.09645, 7.73326,-3.22514, 3.32346
 1.23467, 0.80210,-0.51002,-0.09214, 7.63143,-3.18083, 3.34266
 1.23576, 0.79644,-0.51566,-0.08777, 7.52649,-3.13223, 3.36233
 1.23685, 0.79074,-0.52105,-0.08332, 7.41812,-3.07860, 3.38246
 1.23794, 0.78496,-0.52623,-0.07877, 7.30638,-3.01997, 3.40309
 1.23902, 0.77909,-0.53123,-0.07410, 7.20134,-2.95726, 3.42355
 1.24011, 0.79121,-0.47271,-0.10613, 7.09890,-2.89177, 3.44351
 1.24531, 0.78488,-0.47836,-0.10024, 6.98942,-2.80970, 3.46290
 1.24640, 0.77857,-0.48381,-0.09437, 6.88337,-2.72474, 3.48104
 1.24749, 0.77227,-0.48905,-0.08849, 6.78096,-2.63714, 3.49762
 1.24857, 0.76600,-0.49410,-0.08262, 6.68263,-2.54774, 3.51355
 1.24966, 0.75978,-0.49897,-0.07679, 6.58854,-2.45759, 3.52856
 1.25075, 0.75361,-0.50368,-0.07102, 6.49860,-2.36718, 3.54158
 1.25183, 0.74748,-0.50826,-0.06530, 6.41267,-2.27669, 3.55198
 1.25292, 0.74142,-0.51271,-0.05964, 6.33048,-2.18597, 3.55911
 1.25401, 0.73542,-0.51707,-0.05406, 6.25156,-2.09435, 3.56268
 1.25510, 0.72950,-0.52135,-0.04855, 6.19356,-2.01462, 3.55703
 1.25618, 0.73870,-0.46696,-0.07200, 6.13993,-1.93960, 3.54754
 1.26140, 0.73329,-0.47275,-0.06659, 6.08329,-1.86362, 3.52126
 1.26249, 0.72799,-0.47850,-0.06131, 6.02822,-1.79027, 3.49040
 1.26358, 0.72280,-0.48422,-0.05614, 5.97453,-1.71908, 3.45588
 1.26466, 0.71771,-0.48994,-0.05107, 5.92219,-1.65033, 3.41827
 1.26575, 0.71269,-0.49566,-0.04608, 5.87138,-1.58510, 3.37786
 1.26685, 0.70776,-0.50140,-0.04118, 5.82235,-1.52444, 3.33468
 1.26794, 0.70289,-0.50715,-0.03634, 5.77501,-1.46855, 3.28857
 1.26902, 0.69808,-0.51293,-0.03154, 5.72883,-1.41667, 3.23951
 1.27011, 0.69331,-0.51875,-0.02678, 5.68343,-1.36836, 3.18749
 1.27120, 0.68859,-0.52459,-0.02204, 5.64836,-1.33769, 3.13284
 1.27228, 0.70067,-0.47705,-0.04139, 5.61344,-1.31106, 3.07647
 1.27750, 0.69587,-0.48507,-0.03596, 5.56605,-1.29142, 3.00766
 1.27859, 0.69104,-0.49313,-0.03044, 5.51676,-1.27556, 2.93652
 1.27967, 0.68617,-0.50122,-0.02481, 5.46594,-1.26331, 2.86381
 1.28076, 0.68126,-0.50933,-0.01907, 5.41346,-1.25456, 2.79021
 1.28185, 0.67629,-0.51745,-0.01319, 5.35918,-1.24905, 2.71613
 1.28293, 0.67125,-0.52557,-0.00716, 5.30313,-1.24655, 2.64186
 1.28402, 0.66614,-0.53369,-0.00097, 5.24543,-1.24702, 2.56792
 1.28511, 0.66098,-0.54181, 0.00538, 5.18624,-1.25026, 2.49491
 1.28619, 0.65575,-0.54992, 0.01187, 5.12579,-1.25595, 2.42312
 1.28728, 0.65046,-0.55799, 0.01850, 5.07025,-1.26867, 2.36590
 1.28837, 0.66463,-0.51971, 0.00476, 5.01435,-1.28340, 2.31179
 1.29360, 0.65905,-0.52907, 0.01291, 4.95043,-1.30102, 2.26178
 1.29469, 0.65345,-0.53826, 0.02127, 4.88667,-1.31939, 2.21546
 1.29577, 0.64783,-0.54726, 0.02980, 4.82366,-1.33812, 2.17300
 1.29686, 0.64219,-0.55606, 0.03849, 4.76144,-1.35684, 2.13431
 1.29795, 0.63652,-0.56465, 0.04733, 4.69999,-1.37529, 2.09936
 1.29904, 0.63082,-0.57302, 0.05631, 4.63927,-1.39320, 2.06804
 1.30013, 0.62510,-0.58116, 0.06539, 4.57913,-1.41022, 2.04016
 1.30122, 0.61937,-0.58907, 0.07454, 4.51954,-1.42605, 2.01554
 1.30230, 0.61365,-0.59674, 0.08373, 4.46069,-1.44048, 1.99392
 1.30339, 0.60793,-0.60418, 0.09294, 4.41467,-1.44964, 1.98585
 1.30448, 0.62403,-0.56965, 0.08334, 4.37090,-1.45644, 1.98088
 1.30974, 0.61858,-0.57722, 0.09272, 4.32173,-1.45375, 1.97920
 1.31084, 0.61317,-0.58460, 0.10200, 4.27487,-1.44865, 1.97949
 1.31193, 0.60779,-0.59174, 0.11128, 4.23077,-1.44195, 1.98147
 1.31301, 0.60246,-0.59861, 0.12052, 4.18832,-1.43358, 1.98517
 1.31410, 0.59724,-0.60519, 0.12962, 4.14643,-1.42279, 1.98997
 1.31519, 0.59214,-0.61146, 0.13855, 4.10470,-1.40875, 1.99513
 1.31628, 0.58710,-0.61749, 0.14739, 4.06336,-1.39128, 2.00098
 1.31736, 0.58209,-0.62337, 0.15615, 4.02288,-1.37147, 2.00768
 1.31845, 0.57711,-0.62910, 0.16477, 3.98345,-1.35030, 2.01450
 1.31954, 0.60016,-0.58843, 0.15204, 3.95245,-1.32619, 2.01946
 1.32477, 0.59515,-0.59524, 0.16110, 3.91350,-1.29810, 2.01866
 1.32586, 0.59019,-0.60202, 0.17023, 3.87338,-1.26999, 2.01536
 1.32695, 0.58525,-0.60877, 0.17937, 3.83245,-1.24208, 2.00976
 1.32804, 0.58030,-0.61550, 0.18851, 3.79098,-1.21452, 2.00177
 1.32914, 0.57535,-0.62220, 0.19763, 3.74909,-1.18756, 1.99132
 1.33023, 0.57039,-0.62887, 0.20672, 3.70695,-1.16134, 1.97852
 1.33133, 0.56540,-0.63552, 0.21574, 3.66463,-1.13592, 1.96347
 1.33242, 0.56038,-0.64219, 0.22471, 3.62195,-1.11142, 1.94611
 1.33351, 0.55529,-0.64889, 0.23363, 3.57891,-1.08829, 1.92641
 1.33459, 0.55015,-0.65559, 0.24250, 3.53551,-1.06670, 1.90443
 1.33568, 0.54497,-0.66230, 0.25130, 3.49886,-1.05368, 1.87954
 1.33677, 0.56028,-0.64234, 0.24559, 3.46142,-1.04209, 1.85283
 1.34204, 0.55496,-0.65027, 0.25386, 3.41772,-1.03016, 1.81781
 1.34312, 0.54965,-0.65810, 0.26203, 3.37335,-1.01820, 1.78090
 1.34421, 0.54433,-0.66582, 0.27009, 3.32955,-1.00674, 1.74291
 1.34529, 0.53902,-0.67341, 0.27806, 3.28658,-0.99662, 1.70442
 1.34638, 0.53371,-0.68085, 0.28597, 3.24389,-0.98787, 1.66530
 1.34747, 0.52841,-0.68813, 0.29380, 3.20093,-0.97948, 1.62555
 1.34855, 0.52313,-0.69523, 0.30155, 3.15762,-0.97066, 1.58579
 1.34964, 0.51787,-0.70216, 0.30922, 3.11407,-0.96155, 1.54658
 1.35073, 0.51265,-0.70889, 0.31680, 3.07847,-0.95503, 1.51221
 1.35182, 0.53805,-0.68177, 0.30373, 3.04354,-0.94726, 1.47926
 1.35710, 0.53334,-0.68828, 0.31050, 3.00196,-0.92943, 1.44824
 1.35819, 0.52876,-0.69448, 0.31706, 2.96042,-0.90939, 1.41912
 1.35928, 0.52433,-0.70038, 0.32339, 2.91926,-0.88733, 1.39195
 1.36037, 0.52004,-0.70598, 0.32948, 2.87860,-0.86335, 1.36672
 1.36146, 0.51589,-0.71129, 0.33530, 2.83858,-0.83762, 1.34345
 1.36254, 0.51191,-0.71630, 0.34085, 2.79921,-0.81012, 1.32236
 1.36363, 0.50809,-0.72103, 0.34611, 2.76030,-0.78049, 1.30349
 1.36472, 0.50441,-0.72550, 0.35109, 2.72187,-0.74873, 1.28679
 1.36580, 0.50089,-0.72971, 0.35578, 2.68418,-0.71512, 1.27215
 1.36689, 0.49750,-0.73368, 0.36020, 2.64713,-0.67978, 1.25958
 1.36798, 0.51757,-0.71297, 0.34604, 2.61588,-0.64389, 1.25575
 1.37324, 0.51479,-0.71634, 0.34867, 2.58372,-0.60071, 1.25522
 1.37432, 0.51212,-0.71954, 0.35105, 2.55275,-0.55686, 1.25618
 1.37541, 0.50956,-0.72260, 0.35316, 2.52283,-0.51285, 1.25835
 1.37650, 0.50710,-0.72553, 0.35504, 2.49405,-0.46894, 1.26133
 1.37759, 0.50473,-0.72834, 0.35669, 2.46644,-0.42533, 1.26487
 1.37867, 0.50247,-0.73106, 0.35812, 2.43980,-0.38213, 1.26879
 1.37976, 0.50028,-0.73369, 0.35938, 2.41400,-0.33947, 1.27286
 1.38085, 0.49815,-0.73626, 0.36056, 2.38897,-0.29755, 1.27688
 1.38193, 0.49607,-0.73880, 0.36166, 2.36466,-0.25663, 1.28086
 1.38302, 0.49401,-0.74133, 0.36273, 2.34800,-0.22563, 1.28399
 1.38410, 0.51360,-0.72184, 0.34641, 2.33214,-0.19687, 1.28629
 1.38950, 0.51053,-0.72534, 0.34973, 2.31342,-0.17401, 1.28671
 1.39059, 0.50734,-0.72894, 0.35345, 2.29476,-0.15422, 1.28640
 1.39167, 0.50400,-0.73264, 0.35753, 2.27618,-0.13743, 1.28520
 1.39276, 0.50053,-0.73646, 0.36192, 2.25782,-0.12368, 1.28306
 1.39385, 0.49696,-0.74037, 0.36652, 2.23985,-0.11295, 1.27998
 1.39494, 0.49331,-0.74437, 0.37124, 2.22225,-0.10501, 1.27593
 1.39603, 0.48961,-0.74844, 0.37597, 2.20501,-0.09957, 1.27089
 1.39711, 0.48586,-0.75261, 0.38065, 2.18822,-0.09642, 1.26473
 1.39820, 0.48208,-0.75687, 0.38523, 2.17182,-0.09541, 1.25719
 1.39929, 0.47822,-0.76123, 0.38978, 2.15793,-0.10297, 1.24694
 1.40038, 0.49547,-0.74631, 0.37546, 2.14407,-0.11264, 1.23532
 1.40562, 0.48990,-0.75228, 0.38225, 2.12505,-0.12898, 1.21854
 1.40671, 0.48408,-0.75824, 0.38951, 2.10513,-0.14761, 1.20128
 1.40780, 0.47807,-0.76415, 0.39715, 2.08449,-0.16804, 1.18388
 1.40889, 0.47195,-0.76997, 0.40502, 2.06326,-0.18990, 1.16652
 1.40998, 0.46582,-0.77565, 0.41295, 2.04177,-0.21274, 1.14942
 1.41106, 0.45979,-0.78119, 0.42071, 2.02032,-0.23598, 1.13256
 1.41215, 0.45394,-0.78659, 0.42808, 1.99918,-0.25902, 1.11578
 1.41324, 0.44831,-0.79188, 0.43494, 1.97853,-0.28139, 1.09885
 1.41433, 0.44294,-0.79708, 0.44121, 1.95843,-0.30282, 1.08166
 1.41542, 0.46740,-0.78200, 0.41858, 1.94222,-0.31925, 1.06512
 1.42067, 0.46222,-0.78825, 0.42314, 1.92651,-0.33265, 1.04410
 1.42176, 0.45698,-0.79444, 0.42784, 1.91143,-0.34517, 1.02323
 1.42284, 0.45171,-0.80055, 0.43259, 1.89690,-0.35686, 1.00294
 1.42393, 0.44644,-0.80656, 0.43735, 1.88284,-0.36760, 0.98330
 1.42501, 0.44125,-0.81247, 0.44201, 1.86924,-0.37738, 0.96433
 1.42610, 0.43617,-0.81825, 0.44644, 1.85609,-0.38621, 0.94608
 1.42720, 0.43128,-0.82391, 0.45054, 1.84342,-0.39399, 0.92858
 1.42828, 0.42662,-0.82944, 0.45418, 1.83128,-0.40059, 0.91198
 1.42937, 0.42227,-0.83482, 0.45723, 1.81980,-0.40585, 0.89628
 1.43046, 0.41825,-0.84008, 0.45959, 1.80923,-0.40945, 0.88140
 1.43155, 0.41454,-0.84527, 0.46124, 1.80471,-0.40624, 0.87114
 1.43264, 0.43433,-0.83842, 0.43752, 1.80194,-0.40052, 0.86072
 1.43791, 0.43161,-0.84378, 0.43619, 1.80113,-0.38967, 0.84784
 1.43900, 0.42905,-0.84908, 0.43457, 1.80153,-0.37736, 0.83471
 1.44009, 0.42659,-0.85434, 0.43274, 1.80288,-0.36434, 0.82125
 1.44118, 0.42421,-0.85958, 0.43080, 1.80496,-0.35121, 0.80748
 1.44226, 0.42183,-0.86482, 0.42890, 1.80750,-0.33860, 0.79360
 1.44335, 0.41941,-0.87005, 0.42712, 1.81026,-0.32707, 0.78002
 1.44444, 0.41689,-0.87532, 0.42556, 1.81320,-0.31692, 0.76703
 1.44553, 0.41417,-0.88068, 0.42436, 1.81640,-0.30854, 0.75473
 1.44661, 0.41119,-0.88619, 0.42362, 1.82024,-0.30314, 0.74701
 1.44770, 0.44071,-0.87582, 0.38289, 1.82444,-0.29898, 0.73918
 1.45294, 0.43331,-0.88444, 0.38800, 1.82984,-0.31082, 0.72665
 1.45402, 0.42521,-0.89334, 0.39403, 1.83535,-0.32631, 0.71317
 1.45511, 0.41634,-0.90254, 0.40098, 1.84077,-0.34513, 0.69881
 1.45620, 0.40664,-0.91200, 0.40891, 1.84594,-0.36755, 0.68350
 1.45729, 0.39604,-0.92172, 0.41788, 1.85066,-0.39394, 0.66734
 1.45838, 0.38446,-0.93169, 0.42793, 1.85474,-0.42462, 0.65044
 1.45947, 0.37181,-0.94191, 0.43912, 1.85798,-0.45991, 0.63282
 1.46055, 0.35800,-0.95235, 0.45153, 1.86017,-0.50023, 0.61448
 1.46164, 0.34295,-0.96298, 0.46525, 1.86114,-0.54580, 0.59561
 1.46272, 0.32654,-0.97378, 0.48037, 1.86070,-0.59661, 0.57640
 1.46381, 0.33202,-0.97715, 0.46076, 1.85819,-0.65579, 0.55880
 1.46907, 0.30643,-0.99096, 0.48524, 1.84386,-0.73975, 0.53497
 1.47015, 0.27897,-1.00452, 0.51161, 1.82632,-0.82878, 0.51028
 1.47124, 0.24958,-1.01773, 0.53997, 1.80595,-0.92145, 0.48518
 1.47232, 0.21821,-1.03049, 0.57039, 1.78274,-1.01722, 0.45998
 1.47341, 0.18486,-1.04268, 0.60290, 1.75668,-1.11555, 0.43485
 1.47450, 0.14953,-1.05421, 0.63749, 1.72774,-1.21590, 0.40991
 1.47558, 0.11225,-1.06497, 0.67417, 1.69579,-1.31761, 0.38550
 1.47667, 0.07308,-1.07487, 0.71289, 1.66084,-1.41996, 0.36193
 1.47776, 0.03213,-1.08382, 0.75355, 1.62286,-1.52229, 0.33948
 1.47884,-0.01041,-1.09171, 0.79599, 1.58108,-1.60942, 0.32251
 1.47993,-0.03273,-1.09958, 0.81061, 1.53675,-1.69358, 0.30763
 1.48516,-0.08100,-1.10426, 0.86105, 1.48023,-1.77315, 0.30372
 1.48625,-0.12941,-1.10745, 0.91202, 1.42175,-1.84791, 0.30345
 1.48734,-0.17755,-1.10912, 0.96314, 1.36206,-1.91747, 0.30647
 1.48842,-0.22499,-1.10932, 1.01397, 1.30137,-1.98150, 0.31287
 1.48951,-0.27136,-1.10809, 1.06412, 1.23997,-2.03966, 0.32270
 1.49059,-0.31627,-1.10549, 1.11323, 1.17812,-2.09158, 0.33590
 1.49168,-0.35941,-1.10160, 1.16099, 1.11612,-2.13700, 0.35246
 1.49277,-0.40053,-1.09652, 1.20712, 1.05427,-2.17577, 0.37231
 1.49385,-0.43941,-1.09034, 1.25141, 0.99288,-2.20762, 0.39543
 1.49494,-0.47591,-1.08317, 1.29374, 0.94245,-2.21259, 0.42717
 1.49603,-0.50094,-1.07829, 1.32449, 0.89444,-2.20994, 0.46200
 1.50127,-0.52967,-1.06784, 1.36251, 0.84607,-2.18640, 0.50636